OPERATOR_ID=0.0.5165390
OPERATOR_KEY=3030020100300706052b8104000a04220420df480a0729fc91exxx #Just for sample KEY
RECEIVER_ADDRESS=0x00000000000000000000000000000000004ed14e
LANDNFT_CONTRACT_ADDRESS=0x00000000000000000000000000000000006d49c8
LANDVERIFIER_CONTRACT_ADDRESS=0x00000000000000000000000000000000006d4136
LANDNFT_EVM_ADDRESS=0x00000000000000000000000000000000006d49c8
LANDVERIFIER_EVM_ADDRESS=0x00000000000000000000000000000000006d4a70
LANDNFT_CONTRACT_ID=0.0.7162312
LANDLENDING_EVM_ADDRESS=00000000000000000000000000000000006d4a89
